11. INDEX NCIIINVII. 341

Iulium. 1111111 1111111, 11111111 1111111111111101111111 1111111111. (1111111111.,111111111111111111111111011111.
111111111. 395 uxot XCI. CIV. CLXXVIII.

1111111111111111 293, 11, 301, 11, 312, 4, 331, 1111111111 VIII 4.
11, 338, 1, [312, 11, 321, 11, 322, 11, 331, 34], 1111111111,111111111111111199111101111Χ11.01111Χ1.
CLXXV. CLXXVII. , CLXXIX.

11111111. (1.1111111111111111111111111111111, nonnul 111· 11111111111111 VII 93-101. Flavius 1111111111 1111111-

111111, 111111111 111111 XC. XCI. 1111111, 111111111111111111111111111398, 1111111 11-
11111111, 1111111111111 11111111 3,14, proconsul 1111111 largitionum 1. 399, 1111111111 11111 n. 403,
1111111, consul 1. 322, 1111111111 urb! 1. 326-329 111111111111111111111111111. 406-408 CLXXXVIII.
XCI. XCII. 1111111111 181, 14.
11111111,1111111 11111111111111. 310 XCII. 11111111 v. 8111111, 1111111.
1111111111. (1111111111. 0111111111,1111111111111111111 (1111111121, 11, 160, 14.
1. 312-316, 11111111. 325, 111111111111111. 333- Lucanus v. 81111111, 11111111.
334, 111111111111111111 CLXXV. CLXXVII. Ι111111111,111111111304, 1.
11111111. Publilius 011111ιί11 1., 1111101111111 1. 362 1111111111,1111111111111111111[319, 11].
CLXXV. CLXXVII. 1111111111, 111111 VIII 21, 42,11, 43,1, 211, 1. 1. 11.
1111111111 111111111111 1-9, 331, 11, 338, 1. mn· 1111111111, 11, 6, 11, 181, 11, 222, 1, 322, 11. .
11111111111111111. 366, proconsul 11111111. 311- 1111111111 (11. 1111111111 61, 14, 113, 11, 186, 11,
313, 1111111111111111. 381 CXXV. 322, 8.
11111111. 8111111 Censor 1111111111 LXXV. LXXVI. 111111, 1111111111 Campaniae 1. 363 312, 1. 14. 11.
1111111111, 1111111111 22, 11. 111111111811111111114, 1.
1111111111, 11111111 rebus 201, 1.
1111111111 18, 11, 160, 1. Μ11111111188, 1, 93, 11, 332, 1.
11111111 v. Symmachus. Mnonnonm 309, (1.11, 314,11, 315, 1. 11111111-
111111, ugone 111 111111 193, 11. 1111111111911111111.381, 11111111119111111111. 383
111111 1. 1411111111, (1111111111, 01111111111,Η111111111, CLXXII. ’
Toxotius. 11111111111, 111111111111111 111 26-29, 56,1,0111(1111.
1111111, vir clarissimus 305, 1. 11111311111, 111111 rernm 1111111111 1. 410 CLXXII.
11111111. Faustus. 11111111111, 11111111Α1111111. 414 CLXXII.
11111111111111133. 11. 111111. V 30. Macrobius v. LongInlnnnn.
[11111111 160, 11. 111111111. (1111111111.
111111 IX 49. 11111111 columna 139, 1.
1111111111 lucus 38, 11. 11111111 1. 11111111.
1111111111111-33, 31,11,48,11,63,1;81,11,
111111111111111 221, 11. 238,11, vinarius 11111111 1. 391-393 CLII. CXXI.
111111, (11111111 Albim 11111 CLXXV. CLXXX. CXXIX. CCVIII.
111111111111163. 65, 12811, 111,11. 1111111- 1111111131, 11, CLII.
11111111. 398, 111111111111111111111111, 409 Magnus 1. 11111111, nummus.
CC. LXX. CLII; 11111. 165. 842. 1111111111 11111111111111 232, 4.
1111111111, 111 elmuinus 248, 1. 11111111 1. Theodorus.
[1111113111. 9111111111,11111111110111111111,1111- 111111111111312, 11. 14. Claudius 11.,111111 11111-
111111 urbi Inter 111111 403 11 408 CC. 11111 111111111111 1. 381, 1111111111 111111111111111
111111131111. 1111111111. 1111111111. 361-365, consul 1. 362.
11111111 111255, 14. 11111111 1. Paulinus.
1111111111. 9111111. 111111111. 3111111111.
1111111111. Ennomus. 1111111185, 1.
1111111111111111111111 120, 11. 11111111111111, 11111111 1111111111151, 11.
1111111111 184, 14. Marcellinus, 1111111111111111111 CXCIV.
1111111111 1111111111 31, 14. mmmmm 1111111111 236, 11.
11111111111254, 11. 1111111111 IX 11. 23, 41, 11. magunt 1191111111
1111111111 113, 11, 180, 11, 255, 11. 1. 395 CCIV.
11111111 39. 1111111111 310, 13. 31.
1111[334, 11], 111111111111111111. 315 CXXXI. 1111111111313, 11.
1111111111, 11111 In 111111 239, 11, 240, u. 1111111111, 111111111111111111153, 1, [159, 11], CLXII.
1111111111 63, 11, 253, 11. 1111111111,1111111111111111111293, 11. 11. 11. 11.
Leontina, Νο11111111111 1111111111 LVII. 1111111111, 1111111111 11111111 293, 14. 14, 294, 1. 1.
Lunum, Index VIII 53, IX 10, CXCIX. 11.
1111111111, rhetor LXXIX. CXXXV. CLXXI. 111111111111119. 23. 515813, 81, 1, [222, C).
1111111111 293, 11. 11. 11. 11111111 1111111 1. 384, 111111111 1111111 n. 39
11111151, 14, 05, 11, 181, 11, 211, 11, 318, 11, 1111111111111111.409(111011. CXXIX. CLX.
328, 11. 1111111111, protector 312, 11, 313, 11.
11111111. 111111111111,11111111 uuor LXXVI. 1111111111 105, 11. 11.
1111111111 V 12. 131611, 31, 11. 11111111 11111111 11111111, 11111 110, 11.
11385,111111111111111111,111111111(111. 381 CLVIII. 11111111 Annunt- 9, 11, 322, 11.
(1111111181, 11. 1111111111 158, 4, CCII.
Lmnnnvn 318, 11. 111111111111 111 23-29, 11111111 1111111111111 1. 383
111111111114.15.111111111111111111111111111.400 CXXVII.
-401, 1111111111111111111911111111111408 CLIX. 11111111, comen CXCIV.
1111111111 151, 1. 1111111(11111)116, 11,119, 11. 11.
111111111 v. 1111111111 11111111, 11111131, 4, (11111.
1111111 104, 1, 111111111118111111111111111 11111111 11111111. Servius.
239, 1,1111. 101, 181. 246. 111111 143, 11, 258, 11.
11111111, 1. 111111111111111, 11.
1111111111, 111111111111111111304, 11. 11. 1111111111105, 11, 191, 1.

w

 

