II. INDEX NOIIINVII. 351

Symmaohua. 111111111111111111111911111111) 8.,111- Turonosrrs X 1, 331, 11, [281. 11, 314,11]. 911-
111 1. 339 XL. XLI. vius TheodosIus, magister militum, Theodosii 11·
8111111111 gl 1-12, 0111. 4. 5, 22, 31, 23, 1. 4, gusti ,11111 XLVII. XLVIII. 9931. ’
25, 16, 2 , 11, 56, 14]. L. Aurelius 11111111 S. 91111111111111111,3111111111, 46,11,49, 11. 66,
Phosphorius, ,1111111111 annonas, 11111111 11511, 52, 1. 11, 62, 3. 11, 94, 31, 128, 1, [44, 34,
praefectus urbi a. 364-365 XL. XLI. LXXIII. 45, 4, 81, 11, 88, 7. 11, 95,11, 99, 1, 194,16,
cxlv. 116, 11, 121,11.11,.111, 11, 163, 11, 131, 11].
8110111111 18, 6, 95, 1. 0. 111111118. Eusebius, 9111111111139,4, 143, 16. 11.
1111111111 Luoaniaa 11 Brittiorum 1. 365, proconsul 9111111111396, 1. 1. 11. 11.
11111111. 313-315, ,1111111111 urbi a. 384-385, 9111111111 131, 1, 192, 21.
oonaul a. 39133313. 9111111111, 111 clarissimus 42, 1, 181, 21. 32.
Symmachus. Aurelius Aricino 8., ,1111111111 urbi 1. 91111111 392, 1. 13. 11. 12. 21, 393, 2. 4. 6. 6.
419-429 XL. 1111, adn. 169. 911111111182, 11.
6111111111 vll 1-14, 66, 11, 132, 11, 144, 11, Troum· 16, 11, 66, 1, 15, 11, 116, 1, 233, 1, 332,
165, 4, 229, 11, 234, 31, 244, 12, [51, 21, 58, 1. 11. Albula.
4, 194, 31, 195, 1, 125, 11, 159, 11, 154, 21, 9111111111 11111111322, 11.
156, 31, 157, 22, 169, 22. 21, 162, 26, 163, 26, 9111111113, 13, 116, 21, 189, 26, 181, 19, 182, 6.
161, 11, 11111, 163, o. 11, 1111111, ,111- 11. 11, 114, 11, 131, 11.
stura 1111 151, 11, 61,1, 65, 11. 11. 34, 66,13, hunnum 189, 1.
118, 11. 31, 119, 1, 129, 16, 139, 6, 13613, ’1111111111119-13. Flavius T., msglrtsr mllttum,
149, 31, 198,11, 261,16, 268, 31, ,11111111[196, oonsul a. 389 CXXXVII. CXXXVIII.
14. 23, 192,1, 118, 11. 13, 119, 6, 129, 11, Titiana, Decimii 1111111111 11111111 uxor 9333.
1461111, 1621111, 1631, 1611. 11, 111111112311, 9111111111.161-12,[23,11.
165, 11. 12, 199,11, 193,16, 191126, 291, 39, 21, 26, 26, 35, 1, 49, 2116, 12, 2, 16, 32,
293, 23, 296, 1. 26, 298, 4, 211, 6. 21, 218,11, 266, 11]. symmachi Iratsr, vicarius 14111111 1. 389
226,11,234,11.11, 136, 11, 13611, 239, r. 11, 091. 11.. LIII. LXXXIII.
249, 3. 11. 21, 241, 3.16.23, 242, s. 16, 243. I. Trrrnrrrs VIII 68. 0. 11111111 Aquillius I'sbius Tit,
14, 251, 2, 211, 1. 36, 212, 12, 213, 11. 11, 214, consularis 8119111 a. 398 991.
1611111111,,1631111 inuri 3313 ¹³ ²⁴⁸¹ ⁴·
. . ., . , . .
tora. 491 XVII. XXIII. XL. L. LII. LVIII. LXV. ToxotIus. Iulius Tox. 9333.
LXVIII. LXXI. 91391. CLXX. Toxotius OLXXV.
Symmachus, consul 1. 446 XL. ’11111111 platea 163, 21.
Symmachus. Q. 11111111 Memmius 8., 11111111. 485 911111111111111119, 11.
XL. ’1111111111 198, 11.
Symmachus. 911111181111111111, contusarum. 91111325, 11, 321, 14, 328, 31.
8111111111, Iuliani 111111 9111. ’1, 9339. Troinus 1. Patruinus.
8111111111. Hadrianus. 9111111110111. 5, 23, 1, 91.
81111111111311, 1. “ 9111111111,1111111111111111119,’21.26.
8111111111 321, 1. Tullianus 1. Symmsoius.
81111331,1. 91111111141,1.11. 11. 9111114. 111. 19 24.
· 91111111. Apronianus.
9111111111 154, 14, 158, 11. Turrsnia v. Honorata, Iuliana.
9111111. 1111111 111111 T. LXXVI. 9111113, 36.
91111111. 11111111 Lucanus T. LXXVI. 911111 326, 21.
91111111. Luosnus Τ. LXXVI. Tyrrenia v. Honorata, Iuliana.
9111111119, 16, 319, 4. suasurum 186, 21. ’
Tannum 189, 11.
Tannum, 111 clarissimus 393, 1. 91111111311111 [321, 1. 32, 322, 11, 323, 12,
9111111111811111111284, 14. 332, 16].
’1111111111 43, 16, 44, 1, 311, 21, 312, 1. 1. 11. 91111111111111 1113111111. 0111. 1. 2, 215, 21,
23. 14. 11. 1111. [19, 1, 211, 4, 283, 21, 299, 16, 291, 6, 295,
9111111111 r. Daxtsr. 24, 391, 12, 394, 16, 391, 16. 23, 311,11.11,

· 91111111,1111,1111111111161,21. 316,11, 339, 33, 331, 3, 332,1.11. 1116, ’

111111, 111211, 11. 133, 11, 334, 11. 11. 11. 11. 11, 335, 11. 11,

’1111111111 (Varro) 3, 4. 336,1].

9111111111 (1111) 3, 4. . 91111111111111111111111.1111111111, 81, 11, 99,

9111111111. Tarracina. 11, 134, 11, 59, 11, 96, 6, 121, 26, 124, 16,

2111111111 391, 21, ,111111111111111.359-361 adn. 132, 6, 134, 1.

81. 91111111111111 pons XLII.

Τ1111111111 14, 26. 11611111Μ1619611161.376-317, Vnusrsmmm, 1111111111111111214, 23.
proconsul 1111111 6. 376-373 LXXVI. LXXVII. 91111111111111, ρω11111164, 21,

LXXVIII. LXXXII. 91111111111111 245, 26.

9111111111, 1111111111111111149, 26, 299, 16. 9111111111 166, 1, 211, 16.

9111111111 9 4-14, 16, 161, 31, 243, 6, [91111, 9111111111 VIII 69, IX 13. 11111111 Hispaniarum
163, 14. 16, 293, 1]. Flavius Molitus Tin, prae· a. 365-366, ,1111111111 urbla. 381 9919.
sn.tristitiis?nutrituris 11361311311313133..1.
9111111111, praelautus ,1,11111111111111 a. 391-399, (11109111, exolx,
ffirul a. 399 9319111. LXXI. CLXXXVI. 9391. Valerius r. Euromlus, Fortunatus, ltsssala, Pmaulua,

. Senarus.

Turonorrs V 15. praessa a. 399, ,1111111111 Auseae Varro 3, 4, 4, 1, 5, 1.

1. 396, ,1111111111 praetorio 11111111111111 a. 498 91111113 29, 111111111111111. 391-398 999.
CLI. OLX. 9111111111 169, 14, 183, 6. .
9111111111, ox protectoribus 395, 16. 9111111111, 1111111319, 11. 11. 11. 36.

 

