350 11. INDEX 3011111311.

3111110100 270, 10. 30101100, 01100100110010100 302, 3. 10. 21. 11, 303,
Bagoam 0. 001001. 3. 3. 1. 10. 13. 21.
1111113,1. , 3000110100000 65, 20.
3001111100 115, 10. 3011111110, 10, 319, 1, 328, 21.
Regum. 1110100001οι 11. 01131. 3000000000, 0001011101111001 ⁸. 373 LXXXIX.
1101011110133, 3. 3111111101 113, 22.
3110113 107, 11, 11011, 321, 31, 322, 31, 321, 1, smum v. Plinius.
325, 10, 327, 21, 323, 0. 11. 31, 329, 13, 332, 3. 3111101169,11,,11001011000101101100.107 00030000.
1110011001 11151-69. 000100 domesticorum ⁸. 377, 131010.
001011100110010. 330-331, 0001010. 381 01113. 3110111 232, 0.
13111, 010. 13. 3111111100 30, 20.
301111110131, 10. 3010001, proconsul 1111000 0. 337 001, 000. 131.
11011101 VIII 23. 56. 59. 70, 32, 1, 11, 21, 17, 11, 3111111101, ,111110οο0000 61, 23.
13, 32. 001000 ,1010000391 0111. 0011. 01011. 3100101307,1. 1101101 11010100 3., 0001010. 350
11011101, ,01011001 00010100 largitionum 23, 10. 101. 1011.
11010101 VIII 33. 62, 1162, 231, 0. 1. 1110101 Pi. 3110101 VIII 60. 11011003.Ηο0010101,010001011000
11610011, 0000010111 Aemiliae 1111001110 0. 335, 01011.
000100 10010100 largitionum ⁸. 392, ,1100100100 ,101- 3101011101, ,11100000 011011 96, 23.
1011000111010010.10000011010101010105 0103111. 3000111101 151, 3.
11000101, 1110011017, 11, 277, 22. 3001101011, 0101110100 1110100 361, 11. 13. 20.
10011100. Δ1101001101.3,10. 12. ,1101100100 0101 310011000030010100.
0. 312-313, praefectus 0101101100. 319, 0000010. 3000001 31116, 209, 23. 30111101 3100100, 01001101
311001316. 010100.361-365, ,1101100100 0101 0. 381- 332
11011101 212, 11. L. 1106101... ..1100000 30.. ..001 0101.
310... ,000101 00001100. 363, ,1100100101 01010 3101001. 17111101 310. 01006. 01000010. 373 01011.
376. 07. (1.1. 11311635. 0011.
11011000. 0. 3011111 0010010011, ,1101110100 01010. 3100101151, 1 0· 161, 3· 167 3, 208, 11, 250,
315,0000010.323111131. 12,[111311136113811391,00000101100010,10
17011001. 3010011011701 ,1100100101010010110110110011 01000100-10101011.
0. 365-368 011. 3000001, 1101000001 191, 13.
1101110111131-91, 157, 10, [19, 11]. 0001110101- 3001100 v. 10110001.
10101001 0. 332-392, 000001 ⁸. 392, ,1100100100 ,000- 31110 56, 13. 10. 1110100 3., corrector 1001100 11
10110 01110110 ⁸. 392-335 LVIII. 0131. CXXXVIII. c⁸l⁸brI⁸ 011111.
11011100, 0110010100110 38, 20. 31010101 311123-131, 167,10, 163, 20. Acilius
11011101, 0110000101 3111 17. (11101103103000101, 00010101110010000101, 01001100
11011100, 0111010111 302, 10. Septem 3100100100ιο 010.
1111011. 11111000, Felix, 1100110001, 11011010, 3010· 31100101 11113-15. 0011010100101001 ⁸. 373-373,
110001. ,1100100100 ,10010110 (1011101001 1. 379 CXXX. 0311.
111101, ,0011000110 0000110030, 21, 31 3. 3101111 11, 20, 51, 21, 52, 3. 1, 06, 1,123, 11,
3010101111, 3101100011 0101 303, 33, 8, 0, 03, 30, 162,10, 169,13, 172,12, 180, 30, 227, 0, 251,
113, 13], 1111111. 11, 131, 1, 113, 11, 313, 11, 322, 1.
3011101000, Boethii 00000111 ⁸. 510 uxor XL. 31010111 11000 73, 0.
3111100116, 10. 11, 112, 23. 31101100 130, 22, 237, 31. 000100 rerum privatum
1700110011 175, 11. 0. 105 0011. 996.
1101110000. 10110000. 3111110100, 0100010 11001 00, 3.
30111100 (Ρ. R. 110101) 13, 1. 31011111 181, 11.
1101111001. N⁸m⁸ti⁸n⁸⁸. 30001101, ,1000100101 07, 0.
30101, 1010010001 71, 1.
31011101 113, 32. 3011111312.
3011100. 1001010003. 111131. 31101101157,13.
sumum, 011 0100101000 33, 11. 3001101031310100.
3011110186, 13, 135, 3. 310100100139,10,113,20. 00000 1000000010·
3110011011,101111 1166. 10010. 396-337013.
31101101 165, 13. 31000110125,1,71,10.31.
3011011100. Flavius 3., ,1100100101 ,10010110 (1011101001 3111111 153, 1.
⁸. 361-363, 0000010. 363 0131. svamm 12, 20.
3110111100 V 05-57, 80, 1121, 163, 3, [59, 32]. 3111110111, 011 0101111110ηο 92, 12, 121, 21.
,11011010011010 335-383 0131. 011111. 3011000131-11, [107,21, 103,11.11.10, 155,
3111001100, ,000110100100101110 1210131. 23,106,30,163,20,177,23,1’7,3 10. 23,130,
311101103110123111.1.11,100,10,103,11,’,’20110,205,11,206,
30101001, 001001 10100011001010100. 100 0110. 996. 1. 13 11, 203 0, 211,13 11, 220, 10, 221, 3]
3110031129 ,00010001000100103 01031. 11111030.. 0011121101311001, 000101110010105
3110110 011000 139, 1. LXIII. LXVIII. 0111. 111. 01111. 010, 000
3111010173, 30, 106, 1. 260.
3100100. 3100100 3. 01131. 3101110100 3111 16, 01001100 1111000 0. 103 01011.
3111011110 1116. 01011100 1111000 0. 399-100 0013. 31101111 10000 291, 11.
3111110100 160, 0. · 3011111272, 21, 273, 2.
31001111 53, 12, 213, 10. 3110111011 91-107, 77, 2,[77, 11, 206, 11]. 311-
31111110 315, 23. 0101 1111101003, 00100000. 370, 00010101 0100101001
3111102311.10010011001100013001010000110110· ⁸. 370, ,1100100100 ,10010110 1101101 0. 330- 332,
1111011. 0113111 ,1101100101 ,00110110 iterum 1110111010, 1001010. 381
3110100 07, 0. 12. 011. 031. 01131. 01111.
3011001101110011) 78, 10. 300101.1100013,,)00011111010100.310,00100
301110 0, 14, 106, 20, 330, 10, 01. 11000001. ι 0 382 011, 060153. 503.
301110, 01111000010101 112, 10, 213, 13. 23. ,3,031101, 31010111 111101 0111311.

 

