1111111111

Ι.
81111148111 SCRIPTA ORDINE 811110110188180 1118118111.

664-665. 686-681. 660.
11 44. l 1001 11 62. 7 15. 111 149. 11 63.

ωμω, m· 111111115-
uu ww M& m

333. 682. 111 153. - 7111 41 7 - Fragm.

ont. 1. 3. 11111.61.111.11151.1111. 1, 2.
378. 23. 13. 11189. 17 2.

682-686.
Orat. 2. - 111 112. 682-686. v 21, 22⁴ ⁴25, 26,

370471, 11 33. 66. 87. 111 88. V 38.

1 14 11 18. 7 37. 1122. - ΠΙ 251 291 686. ⁵
’ 151. 11. 1148. 78. 11111.

1115. “ 383. 1111. - 1183. 84. 85. 753.

11115.1.1.1.1.11.11. 11111.1111.65.11111.- 834.
111115.111.-11.2345 111117171--111 74. 11 4.5.8.

10, 11, 9, 1, s, 1130, 51. 71 72. 151. 117. 1111111111. 111 117. 118.
119. 111. 111. 111. 1178. - 71

675-676. 684. 741 - 111 18. 77. 78. 79. 111 17.
16. 155. 1111. 1.2. - 111281 - V 98. 97. 71 26. 111 88. 83.

m· 1151. 41. 3. 8. 28. 16. 21. 1611, 70. 71.

113. - 1515. 111, 115. ¹²· ²⁴· ⁷· ¹⁵· 834-335.

1117. 111. -151, 11. 78. - 334-385. 11 1. -11111- 111 34.
111 43. 11 2. 0111. 4. 61 11111ῑί1111. 895. “

378-377. 3⁸⁵· 17 58. 21. 13. 51. 111 33. -
1 18. 1138. 111. 11. 13. - 111 58. 1v 38. - 785. 11. 1111. 35.

873· 61. - IV 15. - 1101. 17. 31. 52. 7122. 2. 4. 55. 65. 11168.

111. 111111- 11111. - 1811560 Ι Μ’ ²3' “ ¹¹ ⁴⁷⁸ ω’ 115-111.

l 191111 47. - 1 15111111. 385-388· vl 18, 21, 15.
338.

I η’ 26' 111-111. 11 11. 11. 45. 747. 1111.
⁸³⁷⁰· 111111. 11. 11. 22. - 17 21.

121. -111, 11151. -1 111. w ⁶⁸· 111. 11111. 111111. 11. 15. 28.
-1151, 1111. - 127. - 125. 387. 1 12. 711127. 111 38. 24. 11. 1

1724. -115, 11118. 111621 1151551111111, 78. 711118. 47. V 33. 1711] 18.
49. 56. 51. 52. 53. 11118. 32. 791

873—388. W . 111 1111 51. 55: 51. 57. 51. 53.
131. 11. - 158. - 11 51. 188-181· 73. 81. 81. 1. 2. 3. 111124. 115.

33⁰· vl11 83. 111,

111 151- 1 1021 - 111 11. 181· 388—337.

146. - 1 64. 65. 66. 671 68. 69. 1113— 1138.31.28.33.- V 54. 66. - V 62. 631 -
781 711 721731741 - l 181. 733— ΠΙ 84. 82. 55.- 11185. 1111. — 11115111151551 571
11121. 111 113. 154. 83. 1116. 7 38. 34. 551591111

 

