346 11., INDEX HOMINVM.

Foarvrrarva. 1111111116 1. 0111. 8. 6111611111, 111 6116116661 viil 66, 166, 99, 218, 26.
ravanam VIII 3. 116611111111213, 9. 9.

11111111111111209, 19. Hermogenianua v. 61166161, Olybrius.

1116611111, tribunus 9166111161 291, 22. 26. 96. 99, 11616691, 6166661111 1111116 1. 396 ch.

298, 6. 16. 19. 22. Η11611111111 1 16-88, 11,19. Ausonii 1111116, 616666-
11111116611116912,91,331,19.1611169196316,61191661616116161161.311-380
1111111 163,11. LXXV. LXXVI. LXXVIII. 6111. GXIV. GLXXIV3
111161 111, 19. 166. 8.

Furia, 11111111 11111, Probi 66161 61. CXXIX. ΗΒ1166116296, 29. 661696,1111111611111138661161.
Farina 1. 611666111. LXXVI.

1111111111 120, 11.
616161611. Ροω69116111,Ρ166116111. Hraaornarrraa V 1-3, CXLVIII.

“ 61111111318,19. Η111111. 16161111 Η. LXXVI.

6161111611,1,6611616661186,6.1161111611, 111611619161111316,21.

(laram 19,9.61111116111 v. Hilarius.

61111, Symmachi 696111 162, 9, [102,11, 161,29, Η111611111138-12, 66,11.1)9916116611111111661
116, 19, 262, 2, 263, 19], 111..1.11.Ι.11611,166. Η, 61616616111119161.311, 6119196161611616116
212. a. 396, praefectus urbla. 168 CXXIX.

Galla, Q. 1616111 Memmii 8161611661 66616611 186 1111 Hirro 261, 11.
91..961111166919,109,16,119,1.19,119,19.16,

6161666196.119,,1.16,199,11,199,16, 2661616916.

. 611111 (1111161611 111, 19. 61. Quinque Proviaaiaa. 16. 22, 238, 29 210,19, 211 1.11.21,212,9.

(lamara 191, 9. 9, 111,19, 161,16, 162, 29, 231, 11. 29, 213, 2, 316, 6.
1, 262, 16, 260, 99, 266, 91, 268, 2, 322, 6. 1116111111 166, 92, 163, 11.
16. 91. Η6661111. 11116611 11., 161611 16669611 111111 uxor
61116116 328, 21. xci. xcni. xc1v.
61911161 266, 92. 1161661111, 111111111116166 61, 19. ai. 66616111
6116111616, 1119111111161111 112, 9, 189, 19,211,16. 33, 1. „
6116116116, agana in 196111 291, 96. 1166611161 1. Sorrina.
6116611116, apparitor 61, 92. 1161611111 Angustia 99, 1. 29, 100, 26, 101, 11, ·,102
611611161293, 11. 2· 203, 1, [103, 29, 101, 21,101 21. 99· 116,
61111666611, 1, 221, 21. 19. 22, 131, 22, 162, 21, 163, 16. 21, 161, 91,
61111111,111166111130,12.11,166.196. 169, 29, 111, 9, 186, 6. 16· 181, 16, 191, 6, ’
(1111111111111 16. 66. 1111611161616.,6166661111 200,1,2,08 29, 266, 9, 262, 9].
1111616 a. 398-399 6611. 1161611111 IX 161.
6191111111, provincia 326, 6. 1166611661. Oritur, Paulinus.
6111116111 2, 1. 11. 11611111166661611. 6091619661. 6. 12, 9.
6116699, 99, [181, 16]. 661661 61 1111111191 militam Η611111116111,6111612, 12.
6911111616 Vll LXV. LXVII. LXIX. LXX. 1161116,6611616666166, 11. 61.1116166.111.11,3.
61161161.11666681616161, 11111111, 9.
6611661116 21, 1. Η1611116,111611111116161311,9.
(11116661. 11611111 11199161 61., 66666161 1116116116 91 1116911161161111616116111.61666666111116191306
Piceni, 6119196166 61611. 316-311 CXXX. -361 166. 163.
61166661, 96616116161616161161. 391 166. 936. narrar-aran, 9.
(1111611116, 666191 Africae, Valentiniani Augurii 61161 11161666,11911161616111363, 6119196161611616116
319,19,]318,1],11.6.1.6.11111011.11111191383611161611.
6111111111 Augurina 12, Orat. 3, 9, 6, 86, 91, Η161111161111181,1.
21611, 369, a. 1691119, 929, 99, 991, 96,
[12, 29, 13, 2, 23, 91, 26, 92, 29, 29, 38, 29. Iammura, 661161666611112.
21, 39, 9, ·,81 19. 16, 86, 16, 121, 26. 29, 28,0 1111111116, 1116911132.
19, 299, 91, 291, 9, 299, 16, 969, 91, 991, 16, 19616, 1611119. 11111, 166. 996.
912, 96, 919, 11, 999, 6. 19. 16, 931, 1. 11, 1611611666, 11.
999, a]. 11611926, 16, 929, 91.
6111111116 6669 [332, 6], adra. 92. 1111163, 9.
6111111111, 1196116 1611111161,21. 1111611318,19.19. ·
61666111111111-22,201,12.Ρ16611111161.,6119- 1161 281, 19, 319, 2, 328, 21.
199161166611161. 311, 66191161 11611 61111111. 318 Ι111169611111619,21.
-319,6116166161611916116611111161613836111111 16116116111136. 166666191661111611. 391, 611-
6116611116 VIII 26. 616166161 6661661111 61., 66616- ,16161 6116161661. 109, 61161961616116161161111116
1661166611.99961111.61111...111-1191116111.
1611116111,116611161301,11. 29.
111611111111162, 29. 161619166116111., 66616111- 161116111666161929, 19,]319, 21].
6116166166666111996,61,11161611616161111 391 161111,111619111616166139,9.
-390, 611916616661191611611111161 100-106, 116- 161111911130. 60, 11169. 6616611. 399, 6119166166
1661. 113-116 CLXXXVI. 6119166611111161. 108-109616911. 6611.
1111111611 21, 9, 282, 9. 1111111111 VIII 10.
Hanno 16661103, 21, 231, 1. 1666111111, 61116118, 2.
6111666616 313, 96. 1111161, 6111116161 1916161 211, 22
1161116116118-98,61,99,68,19,13811·,.1161 111111161111661 112, 6.
61666616111116191. 10266111. 11611611199, 11, 200, 9· 201, 22.
nummo 191-91,19,16.19,6161.661661116911.
116116111661, 661691 1111619 cxciv. 11111 666161 330, 16.
11161611111,66111961261, 6. 161111. 6616616611, Dryadia, Idalia, VanarIa.
119111166, 6166611161 1111619 1. 381 CLXXXI. Iuliana. Τγ1166111616111611161, 0. clodii Hermoge-
Haraalanua. 961666616611111616111. LXXVI. niani Olybrii cor. a. 31911161 1161. XCIV. XCVI.

 

